-1.000000000000000000e+02
-8.912509381337454784e+01
-7.943282347242814012e+01
-7.079457843841380793e+01
-6.309573444801932851e+01
-5.623413251903490817e+01
-5.011872336272722350e+01
-4.466835921509630225e+01
-3.981071705534973404e+01
-3.548133892335754780e+01
-3.162277660168379256e+01
-2.818382931264453362e+01
-2.511886431509579509e+01
-2.238721138568340052e+01
-1.995262314968878670e+01
-1.778279410038922848e+01
-1.584893192461113287e+01
-1.412537544622754027e+01
-1.258925411794167459e+01
-1.122018454301962898e+01
-1.000000000000000000e+01
-8.912509381337454073e+00
-7.943282347242813124e+00
-7.079457843841376885e+00
-6.309573444801929831e+00
-5.623413251903491172e+00
-5.011872336272721995e+00
-4.466835921509630047e+00
-3.981071705534971361e+00
-3.548133892335753270e+00
-3.162277660168379523e+00
-2.818382931264453717e+00
-2.511886431509579687e+00
-2.238721138568338986e+00
-1.995262314968878847e+00
-1.778279410038922759e+00
-1.584893192461113376e+00
-1.412537544622753938e+00
-1.258925411794166838e+00
-1.122018454301962898e+00
-1.000000000000000000e+00
-7.260274278048122198e-01
-5.050269707912097283e-01
-3.321500562749440943e-01
-2.023472880114298988e-01
-1.103236598834485410e-01
-5.047193595638749253e-02
-1.676425636821948090e-02
-2.547416319185680754e-03
-0.000000000000000000e+00
