104.10830167331991 88.57149377461306
92.47067911879707 89.26731899857072
83.60625187707852 89.73817931240879
81.76806236477077 88.72674156587664
84.98681860915579 89.54545652561185
90.26121085632829 88.84022610429611
89.16396822878403 88.74543690048193
101.1851083421587 89.12017939979778
80.02443137293857 88.8483743325001
94.8028388369663 89.12810344065474
69.53418606388912 89.35678057136514
82.77938074927546 88.1508611037593
84.88621993247394 87.82562821268185
95.7728985283776 88.68137165772835
90.64941509600806 88.78323084236749
68.02695195165929 78.66074730624904
73.23324313675694 79.0038210491351
78.83821545401652 78.68592983788062
80.45525843513654 78.96108478227299
88.89166568662351 79.22306599027294
73.21901733787419 79.71402105303437
84.87581945419623 79.56444547601387
75.9721342897484 79.03932815181736
82.26851017965983 79.13374220377993
81.80328854717386 78.71761196975928
93.44155655105143 77.9614709158448
64.7931868286061 79.59330142916434
91.00353022543084 79.13550356740551
70.64390578581263 79.64709367479323
81.66637083309908 78.83968411711868
84.59359753736605 70.70625010681255
71.7031974593295 70.28725095853885
72.73187946114491 70.47761885554753
75.093715863856 70.12551519631718
66.13246104788078 70.5732372749107
75.04367944631109 71.0027567223472
56.96114501061844 70.93693042988008
67.5299523088952 70.20186345226986
72.85779955911786 71.27231171970554
79.9819382663366 71.63529144878353
65.05471427681906 71.39065969624608
73.68070870474796 70.50333768197166
61.29229937169632 70.279006935682
76.66732612909168 70.26233740496912
67.78074756041073 70.2363260897251
59.127345261923445 62.662203189147924
62.68967932376248 62.600459601938994
59.47206353158383 63.27064650610811
64.47870841956436 63.790932580880515
68.07901535829237 63.18222312506346
62.44388521891077 63.02946924721082
67.01998174781112 62.51102978873836
54.28701342518486 61.85673119477309
79.58403945966951 63.16393938127795
63.852587684653194 63.184785779405395
68.86605699979117 62.79420917410472
64.85868185432983 62.70978432271052
65.51051773660163 62.63155734068785
68.60887594126017 62.936762001389205
70.20785876689672 63.12394863047382
60.64783494668158 55.85465488871566
64.15473489161191 56.47079549451308
58.625631327610485 56.44418492433873
52.92192174556057 56.15096102703337
50.34648941096309 56.094468058547214
60.90723810083089 56.681632431142376
52.468096433640774 55.15642422250451
54.307641057085476 55.99756396811002
57.119107685893894 55.80622067699478
59.810648743107095 56.63309099868034
52.8249822986185 55.91462737290174
46.62439569806446 55.69585127271643
47.76387081193428 55.82615092170166
49.60647259156873 56.43344578675994
59.75708777967161 55.64862833494033
46.20692919487419 50.05374862743621
61.70933342004412 49.93662808104095
51.51965371225347 49.57444484976662
50.1773266505135 50.15333561653189
52.03159449012419 50.18238667373937
43.53372104012996 49.88383099037811
46.25833145896892 50.13635294531573
49.1936180546431 49.69348570000601
54.65863985968358 49.855646222155414
60.53420248825926 50.17328409409214
46.71618257148711 50.2053683079635
54.48414332519076 49.90467203800348
46.19275530916955 50.08349478653674
55.57156288184406 50.115903416625564
45.724524548139065 49.789645243607254
47.75102511846384 44.66282204808482
43.70669254920235 44.85292821429822
47.57982556294012 44.190910533439975
39.13133099767125 43.9132077491934
49.77349054922412 44.29440205491125
43.7832679492918 44.997143154659604
40.735387752366925 44.8417166404925
41.28600040630234 44.96793011253284
43.917814012422205 44.271516880852424
48.724836040588855 44.19112864732356
43.342245331033006 44.99579468433022
45.77109550207256 45.03319304674931
39.719793569712785 44.45342012493897
37.82597772642941 44.18375769721695
45.08224910492309 44.31957006204244
45.147434805338996 39.7838065630254
39.04080219753503 39.61952972014219
30.942875782946757 40.36495640465022
40.79042567550035 39.280164399050015
37.86628321779418 39.531537409106924
38.4090761802827 39.4283602469098
33.47214035254841 39.42568019125569
40.84055495370696 39.944347818204385
39.76163204487781 40.88057968455053
42.94776364473217 39.85336120111121
43.7067504472544 39.26794086479684
41.52604499046732 39.26329676529864
40.23984768393936 39.68535310624996
40.14830460597918 39.890188172919274
35.09296749609175 39.586650572572964
33.857808551431496 35.46777093968991
34.04139594156802 35.531556935911595
36.42503282386761 35.503015294345715
43.1875316484516 35.321536005257975
35.03815984843004 35.02999675304873
34.88168307207015 35.2877987596413
37.369307960246374 35.32294122626063
39.265160960626375 35.03859737512085
39.72077418924299 35.576403289264
42.42328405133102 35.386281937169095
37.19023374635803 35.46813737118537
39.68726052933947 35.17284906121088
33.55191824300492 35.29055559616957
34.149987503556616 34.95682730385533
35.2419958300429 35.763048296137164
35.36981957517174 31.582625767717754
28.143408361017755 31.57109524645837
32.383259801015555 31.336466026834543
31.277103826246137 31.20888227703767
34.42867250501588 31.051928876879654
25.817483059487298 31.806310170262375
29.062095305839367 31.279097575567242
29.254820904385305 31.378456261138286
27.048362242348826 31.521964694398587
33.41574582391273 31.88954345033008
28.256532222720974 31.57028528126075
33.82273087692992 31.576031882423493
30.29928751458435 31.828119219053537
30.12066519937821 31.4256447452541
32.66981154601117 31.605109228231502
29.862374239185552 28.494708783048747
31.926031786126153 28.0598069708822
31.194967325651046 27.997591798972145
32.38857018849807 28.33279301801045
22.953538998252334 27.778197611760987
29.102230457931622 28.24318685652542
27.015318465148223 27.977184060820477
30.976720523615104 28.284445179747497
29.034177397956494 28.087778641642185
24.25359267625679 27.95836656134622
26.359526802057378 28.23660187016344
33.33087508593297 27.99884200619446
25.910528962454165 27.937504359801235
26.9601108729059 28.20122642407495
29.549628683644055 28.161128293572318
27.24179737158167 25.38470397172725
23.79001922556847 25.308429000805315
24.9561441139597 25.068589944796226
24.906263014607802 25.10384149916113
20.83324838067063 25.046096593503936
23.04690236790937 25.215017463215382
26.91837383903239 24.849956457369025
26.34359796646188 25.096716903229982
26.00708650623705 24.92197017123006
25.19922071105327 25.214675491684314
26.379552158006398 25.264706630910847
28.33823390666137 25.09672067717772
25.124337566961433 24.885792183844057
28.38311145110295 25.259529441856277
25.24217965324724 25.31125298408131
23.835856994692605 22.57918623144576
22.827513174586915 22.349472191541896
23.7724753704198 22.650280387832513
24.804781114083095 22.266599124401726
23.59293826612849 22.43997616411167
21.321783484522815 22.005790074260652
20.579858641478275 22.406298029376664
23.896333699143522 22.02278473759569
19.685020335945328 22.567012152879418
22.23252968550801 22.299437096383393
23.882611022785504 21.98622659003283
21.4272620867052 22.36453603740213
19.65261446761386 22.65768466922895
24.037021703274167 22.186649597526607
19.768496620019008 22.359513222428262
19.283867774330517 20.029399814836697
19.451495859253363 19.982740458056476
21.888959175499792 20.32247716206108
23.21128809157667 19.766493450791337
18.5840656084566 19.859082852054502
18.896022550214965 20.183601020540006
19.555128951836235 20.272427824818713
24.932599686085528 20.05525532524694
19.598227619894654 20.07035418192468
18.769230478920967 20.156420001771195
21.78588444691019 19.85894066138967
20.931755033480428 20.11820147419425
17.580883160165275 20.033861270385415
19.057941378979873 19.86164224525582
18.497321607840018 19.679866828047548
16.39314172502304 17.700910685837915
16.74346663872665 17.599796585925514
16.435486820987343 17.872457298673726
16.43372158815161 17.599023653480128
15.649090217287178 17.87310156316423
17.28103499621456 17.677646359757325
16.728200785208145 17.722628880859382
17.20940501154756 18.01614897335658
17.808259569936627 17.706984981528453
19.117374542110248 18.033666468954195
16.70051696242279 17.31532881244435
16.998626583733444 17.701571733982725
16.886294379502626 17.94538982942856
17.455862832540678 17.64638759925274
16.95333100560636 17.581839645710996
15.281464299715912 15.788648976740753
18.454246581286064 15.666874595561575
13.247040469216609 15.810796731644283
13.498099348621327 15.646813021035046
15.068019801063986 16.061191764005883
15.868341981600974 15.861324885173676
15.31148304804529 15.890077498375556
13.675128520259063 16.20216020946498
17.586824676446394 15.97796381545433
15.608883038997 15.99333614708604
13.638878453971774 15.764441746183053
18.821637848189987 15.973005725562844
15.916869786104987 15.572582167898878
15.289353978506327 15.97794112980393
14.435410130565785 15.764733136774948
15.184716766610341 14.11231335186383
12.690179408748511 14.056104919883506
12.23170250902525 13.967436638948046
12.607090707729975 14.264715289286144
12.853650744065797 13.90623445263961
17.53249696144539 14.163887871017032
13.297001540813985 14.300718254799037
13.937910538446204 14.125416167892597
13.97291307426764 13.847984710767033
12.885739185023045 13.985206146124037
14.59853924467625 13.759585802886317
14.117737238612758 14.092490873351876
16.237596669463176 14.343394607687346
13.596838865211538 13.951134472237804
12.10181206258482 13.965757691571381
10.862218950691942 12.671675592411594
13.014432382425587 12.752615037626036
12.399613367552664 12.66425506303972
10.759443868696668 12.56441979386844
12.949105412644721 12.761558606679234
14.271636213326737 12.522582390624336
11.408858661122538 12.883565058165837
11.895552835751223 12.666027543153817
14.56884637202547 12.399008155373606
12.892509723435113 12.595569745548088
13.376652507553219 12.748042572339836
12.257285147177393 12.732736591709811
11.322651201520165 12.431452874313592
10.236524984543514 12.536273582350777
13.926265655638442 12.720109539363165
10.45405617676314 11.16619140290609
10.909739420851292 11.06520152154629
9.810908533654754 11.09539895832517
12.283036235299344 11.19200010950715
10.999746729812067 10.929511674806497
9.690650772255896 11.146808617068979
10.71923492595947 11.348723669606139
10.937272363326118 11.31511419956952
11.420210502606515 11.466935293045712
11.649950126162354 11.377559419950817
10.604968059004756 11.236877949085603
12.634726313833518 11.17624144335578
9.774192063989846 11.128776966407797
9.83801916412846 11.34105793371847
10.129926542141815 11.05540230279138
10.677955320161077 9.05026291186038
8.203324543986607 9.092976766578131
7.607110975650657 8.765181808303987
9.267723938087045 9.073392370495604
7.79251718280866 9.029867361654354
9.281140497938834 9.059446356683754
8.276857299438865 9.086495149069384
9.786943539906147 8.880176010457618
8.6098580619335 8.94367928626704
8.396394494830945 8.737264585139494
9.287728672622018 9.102349962790719
8.918097287912863 8.747124117657155
8.727020053875414 8.936264868920281
8.02034684972207 8.445191866129436
11.133388516760133 9.076557644513779
9.21396340675914 7.9577450034692445
7.205492967181942 8.089613035950018
8.185070001832472 7.923025044503783
7.082798397699847 7.732027048549375
7.818992260993211 7.871532909911
9.085871166186127 8.00513521652093
6.792829880822733 7.831350902325305
8.313693764677108 7.784021455825122
8.280067867153116 8.07445525318292
7.664200073568985 8.100486548640013
7.77475261508596 7.91894858050401
7.725868387888461 7.790821089801578
9.097326089293109 8.06963361707354
8.962521085990444 8.033672878185774
8.027336921028498 7.7262771055913
7.129727267761566 7.228933167519558
6.342618166167264 7.07941934290308
8.016209791570217 7.161028040275545
8.107433118369546 7.030883776816581
6.466666672007522 7.198266768519923
7.633627584786731 7.013863664679353
7.0336564353164 7.0228148746326315
6.767016622789243 7.032951409138845
8.508997859925238 7.0812333039120166
7.695304203972722 7.177586193707332
6.625571312536014 7.0305581268163975
7.236767652339374 7.005018982645574
7.420023338964505 7.099960794493793
5.415420675310625 6.880590489585941
6.728495982364358 6.948235933472703
6.493351439932538 6.236647240252086
6.4522845247778795 6.2361730214540145
6.992475164425723 6.606192716314672
6.08847799767987 6.314818134613016
5.554065317146707 6.341223713837949
7.306398387830417 6.465135517720494
5.570060026923534 6.514137792122401
6.547760275867835 6.375780574677258
5.728070636903356 6.276282410734026
6.29086209201189 6.362108653586105
7.716000831167389 6.4079121838266
5.966956305257683 6.104998589208903
5.474138271385144 6.37909045744167
6.461383029842488 6.573559686840553
6.671604401199049 6.15816862338298
5.565107345258498 5.596746902007747
5.66503001233585 5.764981187509495
5.553942898676335 5.569904616472219
4.752243337374065 5.618179717825678
6.233518476077294 5.611752686291967
6.0181658592597955 5.5449152817756655
5.223495236665001 5.678331220002576
5.390910503539008 5.627336185603001
6.275680171080679 5.706108550773342
5.232205875846752 5.831643865103431
5.603246838236465 5.568357811698188
5.41580373163944 5.64091816888268
5.205392607114274 5.680862911062258
5.840406401857447 5.8366105802470125
5.123602407061807 5.653964206918185
5.399999961983189 5.188146465423154
6.010706493601695 4.834745790134949
5.53760375886121 5.008728207302997
5.026432052884401 4.9295082887785036
6.284096251681601 5.049203371336194
4.520951135558713 5.031833318453499
5.0666666073277735 4.985177374331098
5.156671090537192 4.914156247865394
5.673462711700449 4.883273807160794
5.53333332444913 4.927976145714089
5.073426888342576 5.227521547042147
4.236581211862897 4.814536538180356
5.405605297606278 5.009530805239886
4.696978026767709 4.963046788312628
5.3831859326169145 5.124814990794121
4.320289983567965 4.576084722825705
5.266383896858142 4.409285605821707
5.206446113179247 4.420714526285973
4.207692211715464 4.724082078784867
3.733333267285269 4.313975730337776
4.466666624882563 4.521064865958629
4.806398121988742 4.520013763844379
3.942563922813774 4.408219598347796
4.463838671888441 4.405215387908749
4.698633019652556 4.597304719249674
4.600612335975276 4.501689603247751
5.146168374109879 4.47060356203616
4.170719655371481 4.538831627942816
4.236129986154614 4.456589260104159
4.653700591530356 4.360136755992246
3.4666666374200004 4.035932669650127
4.282996686435924 4.060905168837113
4.393657441004004 4.000370676158241
3.7614522554312853 3.946072327127503
3.72883613622206 3.77675309586147
3.8097735659676695 3.921216895293859
3.944875269262526 4.191867904434211
4.213988545019861 3.997023364047614
4.246565836933306 3.9023371974063727
4.0485746982360205 4.166790267041248
4.019744839538918 4.125704830702173
3.7433377480596493 3.829279037147134
3.5999999816503876 3.8526676977990157
4.1999999969531014 4.064533517779565
3.733333286548442 3.9479153106146536
3.614783488094637 3.448202053700756
3.3333332968119365 3.734709571604196
4.075917012529978 3.4983744366820466
3.6087101297872772 3.6317107558238675
4.291182268899968 3.561439810529412
3.691074030824022 3.4653212614835014
3.533333316163972 3.4675765136346186
3.460398943442753 3.5492301826402057
3.2215830661239657 3.4618981916136646
3.8194580280914194 3.4466189813022643
3.5789615439794757 3.626625465090385
3.2078700313867063 3.4661411233165635
3.745595348338497 3.495738191817879
3.308964791825299 3.501674237596813
3.2117960167818356 3.4483148274602624
3.006698044997286 3.073412882577756
2.9995237492718756 3.1811185532991115
3.11817521622256 2.920069674710069
3.1541421334265216 3.0775586325288424
3.625251458423122 3.1367605777896683
3.2194859424011057 3.044110120103853
3.466917586359852 3.0825469771519796
3.5174852486542747 3.0399900665449504
3.400049042439606 3.312722633266273
3.3292221331791487 3.272186332411797
2.9288267889023736 3.0427029806519283
3.060720545468998 3.0845931447939163
3.6688617689066017 3.1822761972424694
3.341825054654308 3.046142618607966
2.634776641837947 2.96919236763324
2.9818040146792115 2.794314047777339
3.327327014515188 2.951856382432686
2.98445176725297 2.894461246639456
2.815493906754871 2.843405809161558
3.0591394628234636 2.7297436832253132
3.05973374163716 2.61803088083197
2.890908145457868 2.8288981042518913
2.8820739136568734 2.908855053290054
2.5376593040902744 2.804699396020624
3.0892643934892807 2.89689668010744
2.976158644735184 2.830543081256207
2.857722570759584 2.7943323748323476
3.2081371242567354 2.728474422058782
3.027807733940063 2.8981121018829894
3.333333302285045 2.906405444017355
2.37536485869568 2.478853472805859
2.6594595875878744 2.4499510134377984
2.5383294150500055 2.4941363380188513
2.893073821654299 2.620981454646734
2.2634977926652806 2.5490615708375755
2.8130118895165466 2.604648156708115
2.574416166234742 2.4092313386885715
2.4944057130970063 2.4446915339651967
2.6581338593427146 2.4136033909559105
2.3812117748500308 2.582708056591648
2.2948777075803912 2.2874629628255683
2.7369117060210106 2.493320450493508
3.1498597778123965 2.633928553354818
2.311275677184875 2.308936433089382
2.5736930291933793 2.738025115411167
2.374283746680457 2.391043295377452
2.641522670264231 2.35344559945677
2.3511178153229144 2.228580520807231
2.6432290737048594 2.2839446289806555
2.1582645372792775 2.171514979841691
2.3271137175382304 2.2738183738562214
2.2890155166456942 2.332983512339889
2.4497335382509258 2.2194886136276053
2.4405542736547825 2.192351252054728
2.623015020112618 2.3196695243712666
2.2412042003786317 2.168335650559549
2.4978364970398137 2.2332058118021902
2.50738453704853 2.122676990554451
2.229342094268736 2.0916948473314174
2.239214397740557 2.309461691647944
2.172913887979491 2.0293438051685397
2.188959527045366 1.9785377968363167
1.9763650455943202 1.7979534329039482
2.211879925344119 2.019926744425715
2.271231653004555 2.122323293865867
2.0063007665973305 1.9639415382761367
2.0916664925673443 1.9506015044265055
2.1677921551001837 2.088784884213877
1.975169573442706 1.9498340025000351
2.1518526214233797 1.8807951763486543
1.9377927310568002 1.9499957309764024
2.4319549453146196 2.0500029290224173
2.1432350124598094 2.0071334702933377
2.1564540114988127 2.006059273943473
2.0386310397068264 1.894733392416664
1.73099184671294 1.6903720339134751
2.4278068626276066 2.0111019424493306
1.8078785195469833 1.7586894014422787
1.6986730966809838 1.670628597660749
1.8965942402705525 1.7027330825211775
1.7633659699989224 1.8631739092360564
2.0128738542432947 1.9259387184106787
1.8396709868895644 1.6948548879476264
1.7923975322396277 1.8065819556615181
1.5702075297060876 1.5296584109360265
1.7006399914682147 1.7441977521460348
1.816804201771645 1.685078143278655
2.050132790822942 1.8494987192128858
1.823330333961118 1.7813364468442494
2.190290615141923 1.8801533218233548
1.328976105802661 1.2623691656618725
1.7734159142868515 1.6142267066467875
1.8494829134166304 1.7651182057042158
1.5790458118260158 1.6688192441505527
1.790260453153306 1.6254533270896425
1.7585562693661816 1.6713615838942366
1.9185910733864044 1.712802110218171
1.7828256172648747 1.6586300576216004
1.6150798798878276 1.4275640346560023
1.6693407665442883 1.442476564613836
1.4235635965041769 1.3669885309304493
1.7697808797401486 1.7192397760489773
1.5922826714871507 1.625899867107852
1.5941880095495835 1.5080784475895854
1.6345209957622535 1.3734190050310577
1.556191393107729 1.3318007058308161
1.5126675480125356 1.4580507929155895
1.6967947699195693 1.4402657921460114
1.7320861975723834 1.6545963285394403
1.6152208207693672 1.4500803527783848
1.6848307385220804 1.5435528296491743
1.5940343160988575 1.4471480713782
1.5526791612078832 1.390547569574202
1.4845025271367873 1.362167229588593
1.422725931808759 1.3245953667299593
1.7927827703510562 1.5455788192593993
2.028515377402753 1.718097479561494
1.6703978027175008 1.5598476353617323
1.444792104774486 1.2957442653819675
1.7509287733166266 1.4372657349716704
1.5080949988123207 1.4199887746513111
1.0363109885183852 1.000075726598254
1.4267588676015026 1.3778747608890132
1.4733765863701123 1.34239501127763
1.4907600305960496 1.328299271499212
1.5435398780080698 1.363657259861965
1.5813661036494089 1.4696532196154308
1.3319624539682198 1.3734526277112258
1.22344159432093 1.1768396801245489
1.3287392111141045 1.2035326064330167
1.4766770782873913 1.3656117704803075
1.5501795751936829 1.467709907575546
1.1498401872058477 1.1145605742923228
1.32268231740776 1.3381359701213906
1.3679647686166347 1.3503370191237676
1.215789716602767 1.2264603746782017
1.4721600385198874 1.305737977210058
1.0665686198849018 0.8862556935850635
1.2533712821542358 1.1065648910823267
1.0525075058804894 0.9274754405732469
0.8976665277663861 0.7682951255826939
1.4581553931568463 1.2740737156436255
0.9400252212287681 0.8414771511838722
1.0192670757364202 0.9486061788496143
1.2730612140114053 1.2405672704030124
1.254528327113911 1.1544446598220293
1.2270322999805652 1.073655847126697
1.0046729610268303 0.9283182160142968
1.4300545596335568 1.1516957003556103
1.318003984614265 1.1890500855906478
0.8681659088472415 0.7865791886514936
0.859813731147258 0.7041781346979731
0.7433903759808602 0.5929706474006474
1.020031453701013 0.8813007630245075
0.9730476983910452 0.8848041813188203
1.0164049615613868 0.9619112022812087
1.111991373029732 0.9579684024969319
0.8211752959243749 0.7248501589176752
0.8983209309869833 0.7607756645745521
0.8982669514467081 0.7873254291255177
0.9559478138665682 0.7936404994032289
0.9649554557804303 0.8675008937802035
0.8062790314141741 0.6875527536861531
0.7451514795535298 0.627362314930744
0.9213648460995753 0.7141063071377574
0.7503944180027455 0.6138705569341988
0.45779233111339723 0.36841017906622703
0.5614747079630528 0.4665430843138157
0.6334548020463088 0.5048820259883603
0.46251966863275895 0.31721157667101535
0.5762014001148944 0.45066694084103914
0.6981212690448796 0.5966686523922018
0.6201669017760237 0.49075174438770236
0.8544963169784789 0.7782807096093323
0.9317590848142844 0.7848540395212915
0.6388889694996305 0.5095695421755121
0.6253213947892675 0.5151728869143126
0.9319418971663649 0.7226517702498808
0.563010476655195 0.42084627940234454
0.9194160168710517 0.8227850874880758
0.3190867225655431 0.2195928615940463
0.5556145382047061 0.37760917310495073
0.40166690733017263 0.3034612833774825
0.4260498741019999 0.3177727166325567
0.4492065318276128 0.3184137249785606
0.5878392280023542 0.47838307626030563
0.516158240328605 0.37760642518220694
0.4566135073101603 0.31765128480289395
0.3991346819513541 0.2862416515521383
0.4115254571901347 0.3034153935112108
0.45866215140547856 0.3409560745180915
0.31500522161582706 0.18626321387250558
0.5364977063599601 0.42694474109668246
0.3470168669208427 0.25560766308133837
0.4002464410721494 0.27676440748369535
0.22405613810972075 0.12639448849938204
0.21561858880289989 0.12468540258022656
0.34037309949505434 0.2247964400821251
0.40569255966798684 0.27674122709386684
0.3512665866591874 0.24641624023718225
0.19539476797499045 0.08409247740025426
0.3908975232138855 0.2640054929688624
0.25135515340279596 0.14989360525684414
0.27871472498963196 0.17648857649633717
0.27860612388927314 0.17231561051520178
0.20262070980578986 0.10242592165349639
0.3022800915369212 0.19996878905258092
0.33810564177771146 0.22907676149858822
0.41967094676716726 0.3131522097481168
0.21008629865329784 0.10581856992602834
-0.023706198326021 -0.12507562372956793
0.09650506314820975 -0.0015001044768265936
-0.03800117011615036 -0.1348891649374186
0.19793445201796092 0.0843059406822811
0.09950449764308711 3.2172702451942394e-05
0.29291060360502064 0.18630384807936443
0.19955908389187674 0.09919818451472245
0.28277363581411025 0.17641818019991667
0.38112268102830926 0.2662734805023788
0.07374759418974416 -0.029347051266052963
0.2964545553309925 0.17698488390785877
0.06880530779929289 -0.03163989486968702
0.27107445841952793 0.17533665634063406
0.05288782310528094 -0.043764766445561744
0.1908426504499131 0.08740995848907082
0.15962526928820028 0.05526467016472545
0.3499270645613174 0.23375311083617692
-0.0602757733147888 -0.16524089340195094
0.16799882780905254 0.06484707678291173
0.07934025735052483 0.00014387897905226133
0.05147041385964318 -0.05301298300601406
0.01457510850393196 -0.09076312408453943
0.15286371113286473 0.0514461707310488
0.06523203077582049 -0.02566960648151253
0.3927544225533731 0.2844538116698095
0.046781953563896965 -0.05727285058681053
0.0889075437521085 -0.013880202704502196
-0.17916680280491915 -0.26000443951008934
0.2314988387930234 0.12143039511764953
0.11042604204279528 0.00132113748167148
0.06542610096512888 -0.029361371174264787
0.08185984645000653 -0.017449710523658523
0.07035257667859239 -0.030948208115569146
0.01955433940461258 -0.07140178551208953
-0.03591324655223511 -0.1389396878883318
-0.060424138115884214 -0.1432209178573602
0.19699743954574891 0.10373477252382989
0.19583378813327174 0.10242815202146824
-0.04546159928210728 -0.1558080409995269
0.10001607264963032 3.56649168274591e-05
0.027094994366609535 -0.08077553097536454
-0.1800248037774396 -0.27371434329042177
-0.0778593496869589 -0.18491104894021976
0.05277390862949085 -0.04625683894080875
-0.08524695122114057 -0.19082190908759056
0.18541038973370752 0.08643444143760491
-0.025509714750694912 -0.12390158558546771
0.24782734793752884 0.14799505383234607
0.2843588336015049 0.18691973666415704
0.04280444904133996 -0.05676173464363782
0.05514103591866039 -0.04375725264078555
0.004046783460265558 -0.10567848600728923
0.036936508648628734 -0.06842734713106279
0.034732420860053764 -0.06119483341153143
0.10205669069864214 -0.0014296030984487743
0.18248789841840096 0.07807593493959658
0.045428252374594524 -0.05990973746756658
0.2339444599609736 0.14391112793308736
0.20380778685797768 0.0945558715803543
0.01496192473605211 -0.08475662931421711
