-115.47480523223169 -106.19395139305709
-96.42352404532699 -94.60608341437938
-98.30532249397181 -102.80341943544938
-111.00648344727848 -103.3543394093546
-91.83305383284959 -95.4347061379771
-108.31871840929004 -111.72450778367036
-95.75079077036 -98.72432070141726
-99.03264528159099 -89.66337515424762
-102.28835146981262 -105.64889616641398
-92.46393900352469 -93.49828554713034
-114.49502190517146 -117.02175889571475
-90.78655641091605 -99.04280259812839
-106.60367800523618 -110.21199640074609
-85.98123819486973 -87.09410308065769
-109.5125918640851 -105.25508596163549
-103.32074494437566 -99.79890751522665
-28.487393106061113 -29.922444528882913
-29.127698215727396 -29.90871989633275
-34.2162739237427 -34.56940245467195
-30.210052112529933 -27.97897497660454
-29.87300302748543 -30.561901331610233
-33.56512506617688 -32.28694202025071
-32.86672558133005 -31.69208997199011
-30.081427575047446 -29.975617568106628
-30.42862086489374 -30.317596410977405
-29.4560803803987 -27.187688495169315
-30.128659940316787 -32.13811775440249
-31.11329839384144 -30.578549739645425
-30.862028320730484 -30.73609380807181
-35.69216933118135 -34.99292371150925
-29.0106477760141 -28.933110006421177
-32.35509849213263 -32.1230670166927
-10.217525746184334 -9.877114726808031
-9.65779002960901 -9.622250021376878
-10.330625925454138 -10.070294224944142
-10.83804355340244 -10.635511603013773
-9.581359658228292 -9.997184862154354
-10.38159758091761 -10.37907030045683
-11.150605840995247 -11.296127918214184
-9.981568220768612 -10.145857206684683
-9.51662114239711 -9.373693631487365
-10.37976227907126 -10.54240412884506
-10.762293869990945 -10.120828261592262
-12.028072913393954 -11.280194847105445
-10.959890713319032 -10.338398875532564
-8.766662164559847 -9.297104100283745
-10.656292051547199 -11.07065849592172
-10.163982056113653 -10.107808910542412
-3.345754115439744 -3.40390842410202
-2.94334394337626 -3.129100410707026
-3.1176299219909165 -3.0698975648933353
-2.84231176706738 -2.843496553081542
-2.9461525566869495 -2.944701540931994
-2.8243881917989775 -2.8035281600136104
-2.974280105722427 -2.941503758520066
-3.103696597608619 -3.166732639725219
-3.1422572574095957 -3.2229971561240434
-2.5637938542396848 -2.557750673468741
-2.841029268183495 -2.8613395362604757
-3.020556021567036 -3.073637583102834
-3.0530425573277165 -3.0577795562378873
-3.0129121227330593 -3.1120834224006955
-3.0620487089257855 -2.94165664467247
-2.8121959057093986 -2.7669331884735486
-0.949495427389809 -1.0281120432384114
-0.8144536427254178 -0.9017051091570383
-0.8632129343285971 -0.9255020989246125
-0.993146743937556 -1.0003889918680897
-1.2024049523100808 -1.2503765575148234
-1.0995480738227357 -1.1972232213965794
-0.9349617514528592 -1.0347818101485444
-0.7077531389148674 -0.7711461027773698
-0.8759704525021785 -0.9081915099488373
-0.8136919109373731 -0.8892052537390657
-0.9196464641795706 -1.0496080653728408
-0.9478118186580159 -1.0335712475059877
-0.9975339496722286 -1.0990772172930108
-0.7979391330821883 -0.8443374880215013
-0.9562663023061988 -1.0324800853689182
-0.6849443268411615 -0.7295909686325952
0.2705604321663251 0.1619177850631556
0.04516595830464272 -0.05747569122663987
0.05292339520079503 -0.04386012981297799
0.28499311555739015 0.18639629375871475
-0.07762641235534207 -0.1687174575543024
0.0759445683142921 0.00013345098255479734
-0.0019572908913446643 -0.0993934554251369
0.020939124905139196 -0.08834632306189465
-0.029721324695553435 -0.1387684589879986
0.074193145970574 -0.028118894371308406
-0.050194672205478796 -0.14213384476351862
-0.14864691426913004 -0.24337482951436654
0.15730917165618288 0.05274185011962312
0.18956672005143882 0.10194855841581989
0.15355949945981864 0.03724592713589983
0.10475961105366229 -0.005826653072075643
1.089258481732486 0.9984773815426707
1.147675946248938 0.9998448769140563
0.6776462840246626 0.6105944761594997
1.0055577163008975 0.9281734570076744
1.111450006203911 0.9270521887271431
1.245431637476892 0.9714586275574623
1.0071431358615281 0.8853396584852503
1.1247358799407157 1.0168872128920576
1.008157412390278 0.8675016848841062
1.1985828979714581 0.9622653210932133
1.0069844505423216 0.8697760803521628
1.0430783825495278 0.9495807841762502
1.0631286610139574 0.942022783149383
0.9833101168901489 0.9112499241904933
1.040182481152234 0.8506067330605491
1.1868869832921844 1.075162671669966
10.981968670537151 10.258610264736822
9.08960913221407 9.908310510951011
10.94271169335274 10.076470660594913
11.068755946729084 9.930326247537419
10.391026019716243 9.974147243157475
10.921793395299574 9.972598031835343
11.381599297184183 10.05181073884628
8.960333125364492 9.973802923101289
9.617660651530555 9.8443840299734
9.856674411859322 10.037506568680634
9.785680370663144 10.167469609214697
9.920930969058455 10.025265762659327
7.834910843619734 9.786736653436844
10.238633463295365 10.053743122887216
7.74318913640193 9.889562663634788
10.547262439798674 9.832929279310681
88.30030686702774 98.59362388176957
115.9733617334014 99.13247807538103
81.05993727498858 98.58287373866692
121.14340962696272 99.48205844090911
82.67093897012522 98.86492605974537
84.32034244900704 98.53253709475086
91.02001914610825 99.15878598657761
90.57719086575058 98.97924774101052
111.41856149803391 99.31416107551692
146.10235433325346 100.01599480322758
99.35372825228728 99.50860992448452
110.47844535139598 99.5549846705393
67.72120074351542 99.28509924119061
95.95758186300174 98.9204446834317
98.96279887057857 99.72772683984756
72.67704504815796 99.85129787823371
