-115.47480523223169 -106.19395139305709
-96.42352404532699 -94.60608341437938
-98.30532249397181 -102.80341943544938
-111.00648344727848 -103.3543394093546
-91.83305383284959 -95.4347061379771
-108.31871840929004 -111.72450778367036
-95.75079077036 -98.72432070141726
-99.03264528159099 -89.66337515424762
-102.28835146981262 -105.64889616641398
-92.46393900352469 -93.49828554713034
-114.49502190517146 -117.02175889571475
-90.78655641091605 -99.04280259812839
-106.60367800523618 -110.21199640074609
-85.98123819486973 -87.09410308065769
-109.5125918640851 -105.25508596163549
-79.06938131345488 -84.86502100035591
-89.97708017872289 -91.22684087826316
-97.60132622450374 -92.47737155883415
-97.61211342192831 -94.574863208148
-85.07701535045499 -82.08405662713282
-89.75382276131151 -87.04512358985573
-90.16795744305091 -85.59065238762366
-97.83370174348364 -90.73623094398496
-91.83822804325581 -94.11953111368756
-85.07565177719236 -83.60042323198557
-96.43862037604514 -99.87467326800305
-97.09793848319245 -91.6152459302022
-94.40346523532784 -94.96957825201682
-82.6464536369923 -89.31350799836747
-85.62510472947143 -81.25903023363145
-88.01999604441578 -86.78678459838349
-72.32190556887733 -71.88635830280369
-65.75622034604908 -73.82733139150261
-85.9717105026505 -82.49706536412609
-93.09337332878626 -90.39666304032372
-75.98808161858122 -80.69432865474171
-86.32911714925423 -86.53632752704414
-84.33460918461668 -86.02704602459481
-80.82448257800371 -80.90675018587919
-84.0175260726332 -80.22174591014692
-80.68128694795695 -79.1010557412543
-80.49501364966949 -76.55824390910543
-75.425462473779 -74.87019192972515
-82.63738735747371 -76.34880361097042
-75.01095762479521 -80.47064313056433
-70.93307197370605 -71.37659305282064
-70.43436180291758 -65.87037840524798
-62.70353842979245 -65.62502159001016
-75.4346044726294 -70.92954413426204
-59.85278106070162 -59.418732958704
-73.78124494691627 -71.20328298538357
-73.91106164696767 -76.6169873488245
-72.31733575001786 -75.72917123820639
-72.19201998104317 -74.41577184393071
-67.30021955623667 -69.10903298733139
-69.93560922222926 -68.5245608929881
-73.10493653855325 -72.44961660940281
-64.27663067741162 -67.36117904555566
-76.55493263399217 -72.83048195730177
-67.95697082676185 -65.16042437501689
-64.09135694136012 -63.59333727325358
-64.09856974037001 -66.04992143305994
-69.44994442530893 -67.77635998261518
-55.3791643714038 -57.230326018375806
-62.93199160202249 -66.34590761532593
-71.67833634547405 -69.09573427035245
-60.95043775945165 -61.648605811444696
-62.201774804406554 -61.07094661728948
-66.6045360443909 -62.51212346134376
-64.19153449750048 -59.03359791241986
-61.68113340963196 -66.96309925937389
-62.90073724187891 -61.3534304479402
-67.85024745628256 -70.52886977210301
-70.2118827616928 -71.93139229256008
-67.70106749051683 -62.76623549976242
-60.91104854356336 -54.5635668227369
-56.53381867988163 -53.343491725199904
-54.26707670969081 -52.60962810701867
-50.69980296162361 -52.25961710580568
-68.43158178478816 -66.88508333241828
-51.657060388370724 -53.8237989504082
-54.1325276773426 -52.576486319752476
-59.6026511845738 -58.28511527592515
-57.65869076640444 -56.576425190301165
-47.23156210354467 -51.279979185165715
-60.17340133384721 -58.222581285610666
-59.416614457764865 -59.904437434455225
-46.92221621885485 -48.939347482653204
-56.614716802808566 -58.046187582609925
-54.26290967077153 -53.648698849259524
-45.96392315336408 -46.42101220065191
-49.321789119970795 -51.86745847629161
-48.648359847118634 -46.80569379140356
-47.18064703832631 -47.009373086024695
-43.702265670929414 -45.969574273101365
-49.528229980384786 -50.518521915780575
-52.24790180356941 -51.54837955641989
-51.32115600988441 -48.06378377031074
-43.94020109055611 -46.40909158463506
-47.955156971354114 -52.6740769718777
-52.245946243315366 -50.65358608488632
-53.53071993989272 -50.78230584994128
-50.51275830907188 -51.22324161958561
-51.92535367918954 -48.901549347641605
-49.16431751145828 -49.73354332186372
-45.65370429317788 -43.495416959257845
-43.71267212329459 -44.664948728713895
-41.96140121816093 -39.643508905110174
-46.31066140952439 -45.409158173964165
-47.73049412925815 -45.626508520424785
-44.6604749118183 -42.99177940437781
-44.71888480955407 -42.56070473418524
-47.39610087356886 -45.93474386972537
-46.90918163495546 -46.728679064453
-46.069153902637794 -45.83657700637769
-43.60695048170084 -42.30721123534449
-43.699077703402224 -43.31400607919004
-52.11692049869492 -46.91106997729731
-43.84612581904007 -44.924735903187425
-47.90191767411594 -45.151365224973084
-42.040386115653455 -41.76422662123215
-42.04992089712579 -43.64438308597143
-34.1603204568921 -36.685476392444635
-43.242281003960024 -40.490263570760035
-40.06647629262086 -40.77802167157314
-35.789978369388855 -35.761254431946085
-41.79737243354567 -40.084855627293166
-34.00483609902368 -34.5398769016902
-39.430442425486646 -39.150461623349855
-40.146367609583834 -43.124830299539404
-47.29449325454061 -44.23915902384612
-44.31043552584354 -42.011156453645064
-41.4823364192974 -42.32318252339556
-35.93904137055773 -39.06183869061128
-40.142173213808505 -39.85483376871186
-33.57731131372499 -35.10076835195741
-36.53457218089082 -34.5493083222474
-39.37731490392118 -36.70069958270598
-38.21038543077465 -38.25467810775358
-42.39618508917282 -42.44125461525436
-33.074316967772276 -33.140028109381
-38.79092470370551 -36.86855844013285
-39.812840308709745 -37.43562622544304
-36.15769666920187 -36.32729921916043
-37.604380164841366 -37.17044868057552
-35.82428680382266 -34.46622483313517
-37.74745318329366 -35.77483496908413
-36.15888757995259 -36.63874057883937
-37.64592451556638 -35.29152276404268
-34.6119591786589 -35.683463605548816
-33.4752310166266 -30.533679737439332
-33.590080796823585 -33.513620757854625
-31.36733984769055 -33.4651765759583
-29.451821688089375 -29.410291670035697
-26.70624619227418 -28.598878918375206
-31.86928745123583 -31.4799003996006
-31.700691219378413 -34.757283352449626
-30.742995072734193 -30.630203352220683
-33.47273956376368 -34.224552625211246
-29.126334234575186 -28.730197030611762
-31.760019702764772 -31.511385832698117
-32.38172201967665 -32.58279583302463
-32.03778237588524 -30.687113174680732
-32.98264811824307 -35.079042586987775
-31.11902187534008 -31.279402564783553
-26.55431151402024 -28.790452101950287
-29.354025385257597 -28.12508261748747
-28.34477445144312 -27.5031994243862
-30.718427007657205 -29.314735360374858
-27.36888330259329 -28.362295988969734
-27.518931160555063 -27.853294527366344
-26.023187514214428 -26.382560667818613
-34.469144987191655 -31.556876575887646
-30.295134424687554 -29.186166632220736
-28.201230221413024 -29.2828731809991
-30.46771088876745 -28.977392517335876
-30.702634052319475 -29.516804579925395
-27.522049577724875 -27.78536354974887
-27.361992119920046 -27.251020103065255
-30.235429311375785 -27.555156927764244
-24.716724504122936 -23.717685457887676
-23.74320274860135 -24.580732810755865
-22.99008312692543 -24.07455875345272
-24.00596319709564 -24.316683145706843
-25.67194460001517 -23.888728608876765
-24.22087960750469 -26.492524338537002
-22.987444968628306 -24.57618894177336
-25.482562879116575 -25.259765652427422
-24.968633492971577 -24.09349877515812
-24.301369708611343 -26.547407108192786
-25.843748712345477 -25.941373683492056
-25.14060730046932 -25.307556321518785
-28.645052012272885 -27.02020705677055
-22.157214819774588 -22.10771380564911
-28.894612994554326 -28.71057270279985
-24.642174016199213 -23.888867701661695
-22.254212866536296 -21.27156077558688
-21.511830003207677 -21.581864217202853
-21.686881093218783 -22.387015471643267
-21.742024377161194 -22.15997662847975
-21.005821347210848 -22.271119582115766
-20.680251573942314 -20.51028685638584
-24.090609859251348 -23.81938111796853
-21.279713245606846 -21.284703006893057
-22.845478970799725 -22.92327608874881
-24.48221500749956 -24.474460606956097
-21.75911115683131 -21.03275789455023
-22.190146257313693 -21.305160263424398
-21.48000707437132 -21.596802769411056
-22.77203112336894 -22.20486602229352
-19.854832746091194 -19.3805829829081
-19.771453782601565 -20.622967413277163
-20.038871529476168 -20.10839188862387
-19.334065864681687 -18.725002395384234
-18.23000108372547 -18.8613978419614
-19.804691633762225 -20.32556771919343
-19.1852211864482 -20.21479402601767
-21.581789208255323 -20.562621318621705
-22.160297600780826 -22.10184372406192
-18.927489749302485 -18.708763449883765
-19.742114132209302 -18.533661297142558
-20.210358754145375 -18.602968896708536
-18.70569769352573 -18.093532756454554
-21.007648329859304 -21.307830932855822
-18.80500521475366 -18.15609605592728
-19.352170205405503 -18.375406431320336
-16.00309426743986 -16.968236790369446
-18.52377942412326 -18.026584875292407
-17.90139507225762 -17.500578835534352
-20.186360370088842 -19.615814007001838
-17.247503425198204 -16.91577978152995
-17.433601706728947 -17.542641727155637
-16.76075224878818 -17.41376875947663
-17.766312995645077 -16.679169771514893
-17.789595476723576 -17.543894117165046
-18.103267633240655 -17.97028697643308
-19.110833648316635 -19.537463135738697
-18.93905705845837 -18.762940963530912
-17.154758623321943 -17.244342626274417
-18.391508685947098 -18.492816293724893
-15.324149645337585 -14.33132795749373
-16.649221124714156 -16.6679149898583
-16.34726938289773 -16.0635422197427
-15.275567420689017 -14.703133508685456
-17.32877991449644 -16.405738066571967
-16.272639075486392 -15.748539372332539
-17.208587470059133 -16.04759179726108
-15.30506049782467 -15.831381563476535
-14.865914476194101 -15.511677813577501
-15.105332469750817 -15.7686081317139
-18.42237578459324 -18.24872131889635
-16.659360323357724 -16.59387643806791
-16.68510921960134 -15.761464169850917
-17.55739578926743 -17.639318371547784
-15.422526308423295 -16.54949991479915
-14.813443312489754 -14.349285414738334
-13.665621561947066 -14.045677016168838
-13.810500081151357 -14.496504971549353
-14.944754747352619 -15.21327377858421
-13.20768858616414 -13.63023679116577
-13.860384521492199 -13.475258802213752
-15.17478856209828 -14.604577621063898
-13.38040181563662 -13.47644430750091
-13.302278586499215 -13.360003489034012
-13.417051051113273 -12.97246231550875
-14.235257085002772 -14.014522504239643
-15.644480309862368 -15.595953715722668
-15.546921565451658 -15.941150851391862
-13.525196336666566 -13.689573153022135
-14.552879439368926 -14.429362789524179
-12.844611314231896 -12.84288561454501
-13.430448381816205 -13.14051306960905
-11.237086100989949 -11.738439633352879
-13.208707298612786 -13.344339194679621
-11.20738679754492 -12.129430326114273
-12.635125657924116 -12.520513275805238
-11.364903604235412 -11.975408300060208
-12.556065912449435 -11.764264825908175
-14.254002097712005 -13.68444591640258
-13.958091219346814 -12.58398545624993
-12.214405256024289 -12.360932540636059
-14.287997055031658 -13.406602250074803
-11.771262582656506 -11.576827439219295
-13.0911420657188 -13.467484963179475
-12.307719615706139 -11.799606555775915
-10.58644897790335 -10.574164680775779
-9.923565819703821 -10.51781829716214
-10.758372678741873 -10.313490235700286
-11.8420693753275 -12.15483178035885
-12.157529014014058 -11.908593355117992
-10.486128270863311 -10.47350914434998
-11.051478324554717 -10.566994055249692
-10.33143512871495 -10.939082760102618
-10.7470189926687 -10.831414711553455
-10.501664879223428 -10.856447690262119
-11.779412543013905 -11.277330196225043
-10.430480209845635 -10.462892770350665
-10.894633153335311 -11.249269513881913
-11.70819850564933 -11.135547386081974
-12.148703521208242 -11.147073491651165
-9.65779002960901 -9.622250021376878
-10.330625925454138 -10.070294224944142
-10.83804355340244 -10.635511603013773
-9.581359658228292 -9.997184862154354
-10.38159758091761 -10.37907030045683
-11.150605840995247 -11.296127918214184
-9.981568220768612 -10.145857206684683
-9.51662114239711 -9.373693631487365
-10.37976227907126 -10.54240412884506
-10.762293869990945 -10.120828261592262
-12.028072913393954 -11.280194847105445
-10.959890713319032 -10.338398875532564
-8.766662164559847 -9.297104100283745
-10.656292051547199 -11.07065849592172
-10.163982056113653 -10.107808910542412
-7.85578365743952 -8.292547714172455
-8.852150024975087 -9.227687430103417
-9.518529684927088 -9.318604753054926
-8.706331187560684 -8.523110468096675
-10.067744999868527 -9.239974575049514
-8.598274644902178 -8.57575236567518
-9.759521371146297 -8.958166731321109
-8.519985305888744 -8.744572025720569
-9.477337632616807 -9.086950747082945
-9.065547699970852 -8.761854675994512
-8.830295589949914 -8.721166837461311
-9.070703840556778 -8.775945092036041
-8.823735461044382 -9.081712182327614
-8.884901074277485 -8.989257539685168
-9.298774475952007 -9.281572483204819
-8.156126407268644 -8.177358283138007
-8.33823785647729 -8.234962864687143
-7.4720293866545076 -7.889278524986317
-7.523030098446031 -8.11589948623449
-7.118329201230847 -7.491949307904972
-8.65866287115354 -8.531144963294762
-7.277970322290275 -7.631750365225083
-8.267318971215118 -8.209868519941724
-7.185472162709479 -7.304307631491842
-8.104228547911104 -7.522563779092844
-7.698419411887774 -7.752839019636856
-8.550470263966185 -8.361071037244011
-7.691870128758066 -7.598912692952693
-7.286903590662035 -7.953187004335579
-7.720811741289794 -7.38653526006486
-7.6297623502409975 -7.478705262161414
-7.795241793525688 -7.854143558854676
-7.280780104744063 -6.905966347234057
-7.7934887683171405 -7.21601039930291
-7.461770202429194 -7.272393274431544
-7.4790249900007355 -7.486266720365465
-6.783696005002054 -6.9061919536846075
-6.379171312221676 -6.42611901885163
-7.312108821557415 -7.1628594702303845
-6.584691895382212 -6.55576193858783
-6.602271836487881 -6.738703989740429
-6.790560595968636 -6.830476921056852
-7.107436721598189 -7.57740768715534
-7.101338219720912 -7.2425716418729245
-6.199999986786223 -6.343304301634779
-6.926481396035465 -6.685134925623234
-6.344662579210774 -6.280722836709591
-6.363391905962129 -6.23409288939447
-7.017071292469866 -6.5430943280578475
-6.193100399940573 -6.284443723301007
-7.117972485120097 -6.751958718695651
-6.708192435164775 -6.352596155491195
-6.5074770679104335 -6.2144275070459605
-6.570156506978846 -6.781775482935087
-7.291699839372568 -7.028702725188797
-6.45579404861406 -6.616880986030035
-5.9023338662658 -5.742524728260262
-6.251383090413932 -6.262804047684919
-6.4517422091723065 -6.0790859971524185
-6.242314966895734 -6.756784863840005
-5.918819400415409 -5.908689552460584
-5.610984123718 -5.438791382931886
-5.452021267744486 -5.505030591539162
-5.997504012057489 -5.932988253053218
-5.166201663707427 -5.334096923334797
-5.246870442070595 -5.646372934324827
-5.214885648104201 -5.252234439962706
-5.220603518177454 -5.07783299523401
-5.17839322132029 -5.22354291949236
-5.661710242757285 -5.712680608650513
-5.533333265424304 -5.539010361583887
-6.3620191376180335 -5.891516677325747
-5.020216574902071 -5.250075854199383
-5.718634553395235 -5.612284765543931
-5.309491701842457 -5.447390805285809
-5.174969119373573 -5.347021449194267
-4.831002983323153 -4.859812577356986
-4.95824553924115 -5.014724891408409
-5.320993640269586 -4.930757691125759
-5.319636553953166 -5.171052579835141
-4.790642768366182 -4.806264476673324
-4.978188298198316 -4.920958618484751
-5.42288275658491 -4.950202447622043
-4.6666666390345 -4.787701524063382
-4.892304220148858 -5.044844899093952
-5.1312770268257415 -5.059467718203705
-5.32021424832058 -5.377210111900439
-5.022757898648197 -5.037540428689808
-5.351058375842096 -5.223637890725177
-4.816221403627397 -5.015453247859247
-4.881239958591809 -4.677213457363888
-4.41510357946551 -4.460970070803413
-4.6191930103281935 -4.29538737222184
-4.6472467031701745 -4.491147694042107
-4.445663228538298 -4.388505365030851
-4.5914633046484985 -4.599053389067321
-4.313186752076392 -4.39473432891944
-4.333333305250038 -4.555265826636065
-4.688216730653675 -4.486874700727559
-4.160358659983642 -4.168520149656126
-4.647958169040444 -4.79068649841614
-4.399999972508019 -4.456170678364193
-4.951139877278544 -4.480360428401082
-4.424316080632267 -4.552819230678472
-4.290917586161353 -4.435235360782974
-4.163936131354063 -4.2338439952259135
-4.075744646339228 -4.002347332228154
-4.006536584814959 -4.115612055542269
-3.582568617601351 -3.7104043898136947
-3.6767610450788797 -3.7736203858381447
-3.933333330674947 -3.8522556849560066
-3.9999999519078675 -3.805435427245357
-4.289138887118627 -4.232536009606941
-4.358231147981585 -4.370013434075207
-4.156448697305818 -4.138368948737545
-3.6756122383660457 -3.613533522312706
-4.25935692652766 -4.188318288998446
-3.9454443634825753 -3.8473454484784666
-4.154231695178474 -4.0020823783267385
-3.928541216217494 -4.057957379929583
-3.5045358514213487 -3.667474468081111
-3.6450355631946394 -3.506433398657469
-3.494897993875174 -3.44644183670015
-3.6320264353364005 -3.6139267936102133
-3.449471185002228 -3.4838459341221713
-3.642633950284785 -3.726498648394652
-3.6795528405010915 -3.5973319560226957
-3.533333304849318 -3.529355365404276
-3.53333329157894 -3.741984269782961
-3.578231943655997 -3.363179974883421
-3.767821245400565 -3.6288664543088545
-3.4518503899274107 -3.4865362630291155
-3.262514193409745 -3.18366261781939
-3.6666666364864597 -3.6766587286487784
-3.7529065372818233 -3.772243111890628
-3.3279673328210317 -3.341730486695229
-3.5446218149180795 -3.3665303785628518
-3.453615569728219 -3.346716665365205
-3.208087580080387 -3.2114371671169484
-3.162658441053533 -3.053684443667318
-3.15052231493674 -3.072012887969792
-3.2176846195532285 -3.289633392545152
-3.6862758277585272 -3.4978317417860554
-3.216516424792773 -3.2323538275073744
-3.253127109499241 -3.3308406384687954
-2.9933115183938286 -3.0579025230369608
-3.4111899115869266 -3.281408769992266
-3.3565816616097046 -3.118100956917536
-3.3087541261309164 -3.1863893496409648
-3.3999999509586405 -3.34188552434687
-2.6119392679350457 -2.713122828398917
-2.623431292577494 -2.5913158687906863
-3.309685751288061 -3.223811579907293
-2.5889409617789996 -2.7418992408510414
-2.9282337839844046 -2.7962521358684955
-3.0172437297571193 -2.9731918620962863
-2.2946231325695665 -2.4388949481330013
-2.779935849463056 -2.797164627738071
-3.0037041767306523 -2.896947807442289
-2.7999679341763812 -2.802225507276766
-2.8452788891285126 -2.9452611933005888
-2.890263270324396 -2.9427731371238264
-2.7960392549725483 -2.8823793629827597
-2.652119534147144 -2.749574190759355
-2.653110984169661 -2.7259254239909594
-2.7547145798483332 -2.726337393206511
-2.3977013719258045 -2.5078110133581335
-2.6016704189606537 -2.5083095529684707
-2.8032281579422684 -2.6810989295376118
-2.185277820894687 -2.2477563961449327
-2.4214000927470347 -2.435873722002539
-2.3989059550068967 -2.47001185080426
-2.8752765978737815 -2.8025738200762413
-2.363557679193476 -2.437932364376548
-2.428045895661028 -2.3663960971548614
-2.378213737338073 -2.5035190125232316
-2.560639751069503 -2.6209112840714988
-2.4078867379554456 -2.3626793392887455
-2.650987825999727 -2.6389121437140166
-2.544216819194278 -2.4797727803115213
-2.056763833249075 -2.1788146023539396
-2.3405701748188457 -2.3252380014805434
-2.421018737247032 -2.5081526602498365
-2.1398428618742216 -2.1696841460875502
-2.28003202192436 -2.351759709962751
-2.3749497715214236 -2.2990320150036294
-2.0479252438649738 -2.1181798727263694
-2.377883567731335 -2.4419757586220916
-2.068321749410324 -2.0187813455335584
-2.065895758330436 -2.0699788497529714
-2.150378540251839 -2.2225319805374384
-2.367455467610554 -2.3542140360657826
-2.0528391607264944 -2.0727436804845527
-2.416639158882299 -2.2260551320130197
-2.50608940120375 -2.433933103512376
-1.8189579639803835 -1.8201024126640921
-2.050075265662833 -2.047498536854109
-1.9574385124497038 -2.048447448822327
-2.063308804601453 -2.0499298495256304
-2.139937896622127 -2.173747961534862
-2.024065484219229 -2.110951710006037
-2.059010763555447 -2.084788688530699
-2.128464514420587 -2.089039025196306
-1.926202421962352 -1.9898355955918885
-1.899892537624183 -1.9743448987897534
-2.0075625355749023 -2.109574468928295
-1.9310416080400303 -1.9894320579899847
-2.1702204367507405 -2.1183025369495825
-1.9298432313804528 -1.9372091165172105
-1.9940785891384027 -1.9892381482393908
-1.7299698984813043 -1.701694844770588
-1.6110717852171506 -1.6278028291692594
-1.8988929617949613 -1.9441602022365794
-1.7018823516013133 -1.7872835408205272
-1.8237155373975569 -1.9367450395333152
-1.8066961393593328 -1.8146716556345346
-1.8697641618787813 -1.8786506867913626
-1.8747065766745021 -1.8547190940367484
-1.8458419435973057 -1.9510896925978711
-1.6435983978457414 -1.7745446587985727
-1.842680783020671 -1.7893194811051385
-1.7130413846980175 -1.7755955227445668
-1.6198372491164144 -1.6423325163396143
-1.4955402592010854 -1.6213774068864741
-1.8525445959684925 -1.8882639817240288
-1.466914251268162 -1.5090203809485983
-1.618342769514573 -1.6213895786204975
-1.8353302291118856 -1.8549262638012882
-1.6497598365386776 -1.719094968453358
-1.483069436533457 -1.6217797682726387
-1.5637319658905469 -1.6596136239394015
-1.6025895249109727 -1.6182082574757524
-1.7624551584883326 -1.7875686736340288
-1.7125289024923231 -1.7876244204541405
-1.3759423193239164 -1.389643052049898
-1.6708461598431625 -1.722494643923963
-1.6922956244522285 -1.6812140818170982
-1.7200920064303997 -1.6826750045228989
-1.610217370912357 -1.560074598944317
-1.5338866206468649 -1.511088541963575
-1.2923121289941297 -1.3350343063713477
-1.268848745945386 -1.301902402643577
-1.510617117170315 -1.5599614350466444
-1.3071334344534948 -1.3926993970817714
-1.5746017037887228 -1.6002175701365573
-1.366258794508641 -1.403232266159648
-1.3298747922129053 -1.360177408761386
-1.3919980904342901 -1.4461543940562545
-1.4112870105976452 -1.5110987744154305
-1.5636245422237287 -1.5593898330871965
-1.5077680065190484 -1.5326780315396364
-1.3782309777228414 -1.3897453812285554
-1.4671668094445611 -1.4712105836640736
-1.2652114084725357 -1.3457254351374686
-1.3119624866836188 -1.3895081807748586
-1.2091359505821355 -1.235560069098233
-1.1865706712237993 -1.209959247642995
-1.448841368081466 -1.4201426212497565
-1.091186472557161 -1.1123019358839144
-1.1763169263842579 -1.2169551425358764
-1.0837245699593427 -1.1464566580005662
-1.0261817311075483 -1.1200165871819652
-1.2087900189883678 -1.2629703225694588
-1.0581117948500758 -1.10484635981723
-1.3262625277674263 -1.3334212922145612
-1.340600777245582 -1.3824283584266637
-1.403812721825532 -1.4724524361151294
-1.2248791961442986 -1.2868208249051758
-1.314949070384501 -1.3589732970377788
-1.330326423431685 -1.3819690180456206
-1.0238930348424844 -1.128868461426127
-1.213137328947112 -1.2171505806201266
-0.9898984504760584 -1.0591492721211047
-0.7790664414265209 -0.8764463538224038
-1.0756886936027463 -1.154956112790921
-1.0924791288123745 -1.0871877051007155
-1.1956383774499961 -1.184722692233766
-1.1041088808434492 -1.1505366264148251
-0.9586996757301882 -0.9894607975973453
-1.1892393688370044 -1.211898172958339
-1.095375706986302 -1.19974406591231
-1.0041221668969413 -1.0402677642679554
-1.1359316322999262 -1.203786553862368
-0.9980761831765623 -1.0518336852559405
-0.9772478632520065 -1.0466629880159077
-0.949495427389809 -1.0281120432384114
-0.8144536427254178 -0.9017051091570383
-0.8632129343285971 -0.9255020989246125
-0.993146743937556 -1.0003889918680897
-1.2024049523100808 -1.2503765575148234
-1.0995480738227357 -1.1972232213965794
-0.9349617514528592 -1.0347818101485444
-0.7077531389148674 -0.7711461027773698
-0.8759704525021785 -0.9081915099488373
-0.8136919109373731 -0.8892052537390657
-0.9196464641795706 -1.0496080653728408
-0.9478118186580159 -1.0335712475059877
-0.9975339496722286 -1.0990772172930108
-0.7979391330821883 -0.8443374880215013
-0.9562663023061988 -1.0324800853689182
-0.6356985311790077 -0.693128998911547
-0.8246552865626592 -0.8496303035981548
-0.7657613562538428 -0.8320641619478716
-0.6436156194073727 -0.7294845398277411
-0.6780321954392203 -0.7193209718550672
-0.7362074278012518 -0.847226897950915
-0.6799725515226707 -0.7294757685038209
-0.7270506609382821 -0.8103771804216384
-0.5700070902928065 -0.6244128466338512
-0.6392136369708035 -0.6829526383445188
-0.7105183066591348 -0.7701414506853866
-0.6861059392768847 -0.7060045457171784
-0.6725796204138157 -0.7294532811296431
-0.5671280522080756 -0.6394848053851119
-0.8447639243287625 -0.9264080569564941
-0.4373013858290125 -0.5213204319836976
-0.45249953275934385 -0.5256549868103267
-0.6241649706961157 -0.690212653265441
-0.5164144786867856 -0.5898872863759937
-0.6621833355059399 -0.7279582988594052
-0.5070211316193174 -0.5964922851117958
-0.4626877377409151 -0.525901687640298
-0.3634323869136408 -0.42328766843261323
-0.3356525837121344 -0.40584775623057334
-0.46829499712322503 -0.542740713049806
-0.40443183277512235 -0.4956439265363874
-0.43253262024895484 -0.509432990001212
-0.4318672161833834 -0.5021511075604326
-0.45672984157629226 -0.5417324379247033
-0.41731270672326365 -0.48096564303788003
-0.3257121410357468 -0.4154869548039071
-0.06638494295684319 -0.1715896878039185
-0.1568861248219962 -0.2385563360006285
-0.2885271740900601 -0.35472985172003796
-0.38501455537744833 -0.4745408288785613
-0.11334535986719012 -0.20507632504288145
-0.4072086362805104 -0.49477876569919615
-0.06362956778411619 -0.15808973423935496
-0.2914489526397108 -0.35330961559662594
-0.24306632893315466 -0.36103068906896607
-0.20405517187650685 -0.28831404958534523
-0.2490002319198368 -0.34412261654531284
-0.24950551934983478 -0.33861447766871594
-0.1573213700673581 -0.2538964978818286
-0.11294232490581023 -0.21479174464391318
0.018998618630810978 -0.08550946827500104
-0.2440879690920824 -0.344079726831902
-0.17471784119149222 -0.24500131432810027
-0.22241766042177186 -0.3196936031095547
0.022317218909050904 -0.0778052563855111
-0.044732743325385 -0.14975696253662865
-0.05652762068338784 -0.14448229754934447
-0.19682194722597313 -0.2840927821154879
-0.14736267287722782 -0.2297119481864458
-0.04952182064407658 -0.13807284719303983
-0.009004722973123817 -0.11613829580396327
-0.13630828634780007 -0.224980882728232
-0.26351989272617976 -0.36097271416580423
-0.17856723879080083 -0.27083681874941157
-0.07619536244759666 -0.17183458285000722
-0.16840532336340835 -0.2364686107136725
-0.06569914868021573 -0.15152175846407437
0.11963683216734457 0.020095459741016182
-0.1002698061414439 -0.2022787004369641
-0.17359391498087093 -0.26278921862712307
0.0727633675128942 -0.03789429011933759
-0.1699026267499717 -0.256420959124036
-0.06116326292495115 -0.14890200521114907
0.05135175360837278 -0.05027941446140286
-0.18246330340090272 -0.2596719311005183
-0.15356995254782 -0.2348853163662829
0.03954372793620844 -0.06359583652966613
-0.07182646729987148 -0.16487189257319448
0.13304795151755072 0.03241803049683663
-0.04896567967106935 -0.14374753262760093
-0.007149729711816936 -0.10866048084689564
0.010682611476649761 -0.08307033556567504
0.1382950849846573 0.038135284424016584
0.0225349450293347 -0.08067471062904168
-0.08498091532648075 -0.18856047478318028
-0.08516721984334505 -0.17197215301972207
0.020826927969371235 -0.08965950894760512
-0.016763739436730526 -0.10876127685037672
-0.1258058876928828 -0.2032624116137714
0.0006689929757254242 -0.0899853969490689
0.1336229817344783 0.0283574502022352
0.01533666311813335 -0.08431474172148642
-0.1093131638770771 -0.20938730208044495
0.08090088015667733 -0.017084578449420167
0.0442706720565179 -0.05844461584134713
-0.05940145805412939 -0.14380781726027017
0.16246044962789383 0.053413273860106456
0.1344080359966268 0.047080568217585696
0.03694784024422097 -0.05688743242216138
0.09655921416423252 0.0008285891260144945
0.07939316381685681 0.0013014481404683038
0.03236469297037854 -0.07236403342839882
-0.12011810700687955 -0.19399964154306568
0.09534498071791726 0.0008455988443449542
0.17783820601572742 0.06510233353579141
0.09796275958319695 0.005204323977726753
-0.07962003116043778 -0.15560082980970158
0.11814920191442164 0.02115340002379652
0.18501265775304576 0.09477193483697881
0.03539048797837012 -0.06412346821181018
0.04692531564112293 -0.0514185300035789
0.16100765153033 0.060141305590437184
0.11896516345665104 0.021104965444335353
0.1709064449003339 0.06972205660711664
0.015440943028924908 -0.0713757775171041
0.20071995161527748 0.08842967039312022
0.2391318347889088 0.14350439964019118
0.14933379020766804 0.053881817060263265
0.0035848928037409957 -0.1040591132767074
0.025232523556968523 -0.07640797656879059
0.2314190865139721 0.10836346538778156
0.016196261773649055 -0.08399059908216089
0.2565188107267163 0.16057199873055356
0.060331422078074536 -0.039078065886226136
0.2815952506818615 0.17640437781505133
0.04516595830464272 -0.05747569122663987
0.05292339520079503 -0.04386012981297799
0.28499311555739015 0.18639629375871475
-0.07762641235534207 -0.1687174575543024
0.0759445683142921 0.00013345098255479734
-0.0019572908913446643 -0.0993934554251369
0.020939124905139196 -0.08834632306189465
-0.029721324695553435 -0.1387684589879986
0.074193145970574 -0.028118894371308406
-0.050194672205478796 -0.14213384476351862
-0.14864691426913004 -0.24337482951436654
0.15730917165618288 0.05274185011962312
0.18956672005143882 0.10194855841581989
0.15355949945981864 0.03724592713589983
0.10475961105366229 -0.005826653072075643
