nan
nan
nan
6.930000000000000396e-03
-8.899999999999999491e-04
nan
nan
1.026999999999999962e-02
5.219999999999999814e-03
2.126000000000000112e-02
2.474000000000000157e-02
4.219999999999999793e-03
nan
nan
2.309999999999999901e-02
nan
nan
nan
nan
nan
nan
2.060000000000000199e-03
nan
nan
nan
1.950999999999999956e-02
2.537999999999999978e-02
3.069999999999999812e-03
0.000000000000000000e+00
nan
nan
nan
2.914999999999999883e-02
nan
nan
1.000000000000000021e-03
1.464000000000000024e-02
nan
3.375999999999999834e-02
nan
2.191999999999999851e-02
nan
nan
nan
2.515999999999999834e-02
nan
nan
4.372999999999999804e-02
nan
nan
nan
nan
nan
2.079999999999999818e-03
nan
1.787000000000000047e-02
5.960000000000000020e-03
nan
nan
nan
1.293000000000000052e-02
-6.700000000000000226e-04
nan
nan
nan
nan
nan
nan
1.559999999999999928e-02
nan
nan
nan
nan
nan
nan
nan
nan
3.079999999999999839e-03
2.109999999999999896e-03
nan
nan
nan
nan
nan
nan
6.404999999999999583e-02
2.233999999999999875e-02
2.324000000000000024e-02
nan
nan
-9.600000000000000243e-04
nan
nan
nan
nan
nan
4.193000000000000199e-02
nan
nan
nan
