nan
0.005199084145900518
nan
0.00581650975683141
0.0039924953330252025
nan
nan
0.006553198679034425
0.00696817449961167
0.007954926365789913
0.007328596299244397
0.005378260516586159
0.003259504533199202
nan
0.007760624612081823
nan
nan
nan
nan
nan
nan
0.01012361541941203
0.0026835950857801907
nan
nan
0.008715678677406944
0.005993457757020411
0.006358786595014697
0.004986169719625667
nan
nan
nan
0.008320741975424359
0.003704624117740758
nan
0.0051041632202104125
0.006461254567030834
nan
0.011218894169805305
nan
0.012674089455131774
nan
nan
nan
0.007234373031381539
nan
nan
0.008314934392817027
nan
0.003132265614765565
nan
0.0030241588078962433
0.0034641622899798637
0.004901995677966166
nan
0.007926792990913123
0.004063782644997363
nan
nan
0.006070030007488164
0.007512672933000932
0.0003162540315644525
nan
nan
nan
nan
0.0044259993594281495
nan
0.007525623777023707
nan
nan
0.0030516085413543406
0.0033769795463824896
nan
nan
0.003616353316916616
nan
0.004961028120385238
0.006587563489215093
nan
nan
nan
nan
0.003057477742933569
nan
0.006327543363197357
0.011232339168515893
0.006851342432228876
nan
nan
0.0040865234219204976
nan
0.0031773710513719783
nan
0.003600509422016668
0.0046880462045251255
0.013905505562017792
0.004769547144780963
nan
0.003416164335380409
