2.000000000000000096e-04
-2.850000000000000103e-03
nan
1.479999999999999979e-03
5.389999999999999826e-03
nan
1.479999999999999979e-03
1.440000000000000091e-03
3.350000000000000113e-03
nan
nan
3.310000000000000008e-03
nan
nan
nan
nan
nan
-2.700000000000000143e-03
nan
nan
2.510000000000000078e-03
nan
nan
1.129999999999999928e-03
nan
nan
2.510000000000000078e-03
2.050000000000000173e-03
5.049999999999999802e-03
1.690000000000000096e-03
nan
2.139999999999999975e-03
-5.900000000000000296e-04
nan
nan
nan
1.100000000000000066e-03
nan
4.830000000000000092e-03
-1.420000000000000038e-03
nan
-2.900000000000000017e-04
-1.219999999999999947e-03
nan
nan
-1.399999999999999986e-03
nan
6.510000000000000162e-03
nan
6.499999999999999702e-03
1.719999999999999958e-03
nan
-9.300000000000000541e-04
nan
-9.399999999999999719e-04
3.939999999999999926e-03
2.720000000000000195e-03
8.099999999999999561e-04
nan
nan
2.089999999999999844e-03
-6.599999999999999964e-04
2.259999999999999856e-03
3.330000000000000061e-03
1.990000000000000015e-03
-2.710000000000000169e-03
nan
-7.799999999999999859e-04
8.160000000000000586e-03
nan
1.830000000000000029e-03
2.020000000000000094e-03
nan
nan
nan
8.400000000000000348e-04
nan
nan
3.840000000000000097e-03
-8.300000000000000086e-04
7.139999999999999646e-03
-4.099999999999999912e-04
nan
2.959999999999999958e-03
4.449999999999999963e-03
-8.300000000000000086e-04
nan
nan
nan
-1.039999999999999909e-03
2.490000000000000026e-03
3.389999999999999784e-03
4.109999999999999938e-03
3.340000000000000087e-03
3.830000000000000071e-03
nan
-4.299999999999999894e-04
nan
-6.700000000000000226e-04
nan
