5.011829821956341295e-03
1.217035021643236674e-03
nan
2.256144477772286435e-03
2.920457901659432448e-03
nan
2.046343561702079761e-03
2.164858203968475329e-03
3.464831562119642747e-03
1.233212046968072901e-03
nan
2.286061462325225235e-03
nan
nan
nan
nan
1.248562477645786791e-03
5.011866540409587109e-03
nan
1.277823999067131304e-03
2.453157406027392778e-03
nan
nan
1.816654225641708888e-03
nan
nan
2.644392628064668599e-03
3.149492853427251007e-03
1.776841949772892202e-03
2.261124727633519182e-03
nan
2.915747231843602259e-03
1.550769014344698191e-03
1.265774084388075846e-03
nan
nan
2.036601160936177008e-03
nan
2.627759091085751265e-03
1.365176610174625299e-03
nan
1.386642741077068631e-03
1.387409830485587673e-03
nan
nan
5.011866540409587109e-03
1.373289832961579896e-03
2.138183210570484324e-03
nan
3.640864617707473445e-03
2.389378056607030423e-03
1.267149600474246031e-03
1.650084074792175070e-03
nan
4.658949033565353524e-03
1.955246075187252151e-03
3.603190214574649754e-03
2.030462886546125379e-03
nan
5.861099407289173131e-04
2.420065587695456859e-03
3.837713495555038386e-03
2.701639463780720028e-03
3.037745138541610157e-03
2.361023945794868059e-03
5.011877960972911140e-04
1.100416798723447085e-03
1.558383796181309240e-03
3.050622572282040128e-03
nan
2.393852236681973198e-03
2.317954002820367312e-03
1.207709085124531942e-03
1.150653121388144507e-03
nan
2.083116799133100279e-03
nan
nan
3.627821481611416803e-03
5.011866540409587109e-03
2.708804614694394763e-03
3.063129423610933162e-03
nan
3.173423988470586935e-03
3.868241709963022093e-03
1.542612487281654109e-03
nan
nan
nan
5.011866540409587109e-03
3.164070512277814082e-03
2.256866295198180737e-03
3.836550912817780334e-03
4.224609300799495384e-03
2.111399995488818897e-03
nan
1.660430053606538761e-03
nan
4.072268010248880285e-03
1.482262794992983586e-03
