nan
nan
6.069999999999999875e-03
8.370000000000000703e-03
1.601999999999999952e-02
nan
nan
nan
nan
6.890000000000000291e-03
1.004000000000000031e-02
4.159999999999999636e-03
nan
1.152000000000000073e-02
nan
8.518000000000000571e-02
nan
nan
1.414999999999999938e-02
nan
nan
3.889999999999999708e-02
nan
9.435999999999999943e-02
1.091999999999999915e-02
1.358999999999999965e-02
9.910000000000000406e-03
nan
1.213000000000000016e-02
nan
nan
1.319999999999999993e-02
9.339999999999999344e-03
1.076000000000000047e-02
1.221000000000000037e-02
nan
4.939999999999999947e-03
nan
9.690000000000000696e-03
nan
nan
3.220000000000000206e-03
1.785000000000000128e-02
nan
2.297000000000000083e-02
nan
5.499999999999999681e-03
nan
6.100000000000000387e-03
1.103999999999999947e-02
7.499999999999999722e-03
nan
nan
1.562000000000000020e-02
7.660000000000000142e-03
nan
nan
nan
nan
nan
nan
9.280000000000000054e-03
9.509999999999999357e-03
2.304000000000000145e-02
nan
nan
nan
3.429999999999999889e-03
nan
1.887000000000000136e-02
3.046000000000000096e-02
1.561000000000000061e-02
nan
nan
9.429999999999999147e-03
9.987000000000000044e-02
nan
nan
6.179999999999999730e-03
1.379000000000000017e-02
1.974000000000000060e-02
nan
nan
7.499999999999999722e-03
nan
1.125999999999999918e-02
nan
1.193999999999999923e-02
nan
nan
2.769999999999999893e-02
nan
nan
1.860000000000000108e-03
nan
nan
9.700000000000000289e-03
nan
5.270000000000000379e-03
1.760000000000000106e-02
