nan
nan
0.012111426372535539
0.014452265408445564
0.013983593207038788
0.01000142377847387
0.010000985276861702
0.010000985276861702
0.010001426918502369
0.012477086161568132
0.012883432545700263
0.010781099787709357
nan
0.016904691985856445
nan
0.01579445036914361
0.010000985276861702
0.010001445531381069
0.012953330649657735
nan
0.010000985276861702
0.013005912569381292
0.010000985276861702
0.010679310922548124
0.01586742244617683
0.017037767228438347
0.013152324114382727
nan
0.016443114624470578
nan
0.010000985276861702
0.010813382118709998
0.013555288538665462
0.01064018078436228
0.015841458415654142
nan
0.0109758476362112
nan
0.01698893637404246
nan
0.010000985276861702
0.010897624284388976
0.018807850681377185
nan
0.021943700159057583
0.010000985276861702
0.01834217540474206
nan
0.012052391499031197
0.01516437108486427
0.012055253483757692
nan
nan
0.013021743301911207
0.012824841547240213
0.01000142644342276
0.010000985276861702
nan
0.010000985276861702
0.010000985276861702
0.010000985276861702
0.013831583305531026
0.014425831642795319
0.015800115301300762
nan
0.010001465092235711
nan
0.010859008121334173
nan
0.02237751945494602
0.02714361726908553
0.012064442253480306
0.010000985276861702
nan
0.015117553677079267
0.012219001180818123
nan
nan
0.012821172274642115
0.017486991885797422
0.01082250672810961
nan
nan
0.012580581241219623
nan
0.012302255125655227
nan
0.016419550231667024
nan
nan
0.010663241476924703
0.01000079323704988
0.010000985276861702
0.01023661891757703
0.010000985276861702
0.01107420579991409
0.013535235111819244
nan
0.011850524274318673
0.01924027581511222
