0.86874863678868 0.7747499434820454
0.8641237356568751 0.6198039028832676
1.7097558191465092 1.4108135957918428
5.681049053523074 1.6997569262101748
0.5380481990651053 0.5354528297248558
0.5692512696419738 0.33347908841479446
3.211801242858202 1.6350009023635697
-0.20319305905742444 -0.2017665311504387
0.47622964342812013 0.4021153621837592
0.12852996424003782 0.0854669732089888
1.3301922766385117 3.148965050795
-0.4109997903836402 -0.4331236299745971
0.7210630418526791 0.3055913321394237
1.0971089973681594 1.860132708916992
1.9397078153170717 1.168014499897023
0.48801766500298915 0.7018587117992265
8.639784546529217 8.597916640647911
11.887235170623166 9.671227988736508
4.915689292306983 11.167309079017736
19.564089382883388 9.95483212202431
12.847322956188014 9.942832311639108
3.453726660289495 11.39896587805474
10.627796311864872 11.447139514136042
2.5992540118094434 8.575211312288552
12.060392846350675 9.216507996121704
7.0169078386949355 10.302273468432324
47.25333560705052 11.026570809886515
8.203890892895705 10.479288285761058
10.459329664092305 13.921268377516354
11.225463720283853 10.63107848885754
24.41811226940175 8.98166286318376
32.959196562486774 9.604296327774414
120.87577394568564 100.91747513145769
103.28571303913712 101.56941676080002
138.9539205879606 96.09517839364389
10.295431303561308 104.0907507904891
46.27263230637355 96.27440530427072
60.41854690737015 96.08365190563195
96.40417957502844 111.44739321308187
27.055570244738487 96.8084382482071
124.58220292931568 100.6897482234052
116.19262117977627 99.56241718728663
82.60085860024435 97.65341347209637
103.27427737357509 92.6087430645579
154.08591545604122 100.8702879261567
4.666666591108006 89.45000148882944
37.76372353112844 97.2609864107588
54.4971324544369 105.11783573723018
