-109.94161807163259 -104.5103345284835
-104.94324442370637 -102.99272507957346
-95.49636518610886 -95.74305451779217
-88.81941008082438 -94.57535249057517
-100.99519929885228 -102.189861477708
-96.43158603472772 -92.79342889437497
-99.49620398679137 -97.8282968722799
-102.41396283565133 -104.21689619975619
-96.88213454819564 -91.56903866093975
-92.67197470243175 -93.3495719690398
-10.44335012725644 -10.3391775516469
-10.95998711875451 -10.395430050593035
-10.00629882403569 -10.086228052580825
-9.760250028109757 -10.069542168057723
-9.460802519645137 -9.747473225414103
-9.812012989230489 -9.53264493218956
-10.224952894610785 -10.18867285332578
-9.635435007489422 -9.716075966456351
-9.772815781060201 -9.96719411249692
-10.08100600125524 -9.696744176316509
-0.9118190367228173 -0.9661028186361279
-0.995351043668342 -1.0590854476964822
-0.8880151424653614 -0.9719998830344133
-1.0552031252780545 -1.1046697350794799
-0.9649173009964472 -1.0040988423325585
-0.9867904905714802 -1.0651197609145953
-0.8325797571537511 -0.9018073234327625
-0.8737805499400048 -0.9645025008416628
-0.8539461793241263 -0.942814027239752
-0.8497017857484249 -0.9095954278620746
-0.0019572908913446643 -0.0993934554251369
0.020939124905139196 -0.08834632306189465
-0.029721324695553435 -0.1387684589879986
0.074193145970574 -0.028118894371308406
